12,13,41,44,21,32,23,12,4,12,12,13,41,44,21,32,23,12,4,12,12,13,41,44,21,32,23,12,4,12,11
12,13,41,44,21,32,23,12,4,12,12,13,41,44,21,32,23,12,4,12,12,13,41,44,21,32,23,12
12,13,41,44,21,32,23,12,4,12,12,13,41,44,21,32,23,12,4,12,12,13,41,44,21,32,23,12,4,12,11
12,13,41,44,21,32,23,12,4,12,12,13,41,44,21,32,23,12,4,12,12,13,41,44,21,32,23,12,4,12
12,13,41,44,21,32,23,12,4,12,12,13,41,44,21,32,23,12,4,12,12,13,41,44,21,32,23,12,4,12,11
12,13,41,44,21,32,23,12,4,12,12,13,41,44,21,32,23,12,4,12,12,13,41,44,21,32,23,12,4,12
12,13,41,44,21,32,23,12,4,12,12,13,41,44,21,32,23,12,4,12,12,13,41,44,21,32,23,12,4,12,11
12,13,41,44,21,32,23,12,4,12,12,13,41,44,21,32,23,12,4,12,12,13,41,44,21,32,23,12,4,12,11
12,13,41,44,21,32,23,12,4,12,12,13,41,44,21,32,23,12,4,12,12,13,41,44,21,32,23,12,4,12
12,13,41,44,21,32,23,12,4,12,12,13,41,44,21,32,23,12,4,12,12,13,41,44,21,32,23,12,4,12,11
12,13,41,44,21,32,23,12,4,12,12,13,41,44,21,32,23,12,4,12,12,13,41,44,21,32,23,12,4,12
12,13,41,44,21,32,23,12,4,12,12,13,41,44,21,32,23,12,4,12,12,13,41,44,21,32,23,12,4,12,11